010010011000000000001011
010010100000000000001011
010010001000000000000011
010010010000000000000011
000010000001101000000001
010100101000000001010000
000010001000100000001011
010110000000000001011000
001110001000100000001011
000010000010001000000001
010100101000000001111000
000010010001000000001011
010110000000000010000000
001110010001000000001011
001110000000100000100011
010100101000000010100000
010010011000000000000011
001110001000100000001011
001110000000111111111011
010100101000000011000000
010010011000000000001011
000010001000100000001011
001110000000100011111011
010100101000000011100000
010010011000000000000011
001110010001000000001011
001110000000111111111011
010100101000000100000000
010010011000000000001011
000010010001000000001011
010010001101000010000101
010010001101100100000101
001100010001001000000011
010010001101100100000101
001100010001000100000011
010010001101100100000101
001010010001000011111011
010010001101100100000101
001100010001001000000011
010010001101100100000101
001010010001000011111011
010010001101100100000101
010110000000000000101000
