010010001000001101111011
010010010000000011001011
010010011000000011000011
010010100000000000000011
010010101000000000000011
100010010010001000000000
100010010001001010000000
010010100000000000001011
100010010010001000000000
001100001000110000000011
100010010001000010000000
100010010010001010000000
100010010010001000000000
010010110000000001001011
100010001001001100000000
100000010000101000000000
001010000010000001000011
010100011000000011111000
000010111011000001000011
001010000011101000000011
010100011000000011101000
000010110011000000001011
001010111011000000111011
001110000011100000110011
010100011000000110111000
001010110011000000111011
001100110011000001000011
010110000000000001111000
000010110011000001000011
010110000000000001111000
100010111001001000000000
010010101000000000001011
100010111010001010000000
010010101000001100001011
100011000001001010000000
010010101000000000000011
100011000010001010000000
010010101000000000001011
100011000010001010000000
010010101000000000000011
100010111010001010000000
100001000000101010000000
001010100010000000111011
000010101001001010000001
000010100001101000000001
010011001101001010000101
010011001101101000000101
001100100010001000000011
010011001101101000000101
001100100010000100000011
010011001101101000000101
001010100010000011111011
010011001101101000000101
010110000000000010011000
010110000000000110111000
